186
710
666
976
884
282
751
881
103
960
174
617
836
796
28
926
66
53
557
786
244
469
565
440
896
217
261
303
412
717
765
124
940
683
673
479
799
915
367
729
90
511
821
511
613
971
412
726
892
39
296
681
895
672
658
268
897
949
763
570
275
460
399
255
15
565
869
1000
151
564
659
18
58
593
202
209
291
987
98
378
730
668
355
978
599
664
74
377
810
551
914
123
137
830
418
237
540
272
856
174
387
116
162
205
55
370
508
208
713
80
549
703
769
508
460
357
716
115
9
830
258
247
450
988
378
709
294
696
621
717
347
772
416
857
277
646
223
461
978
579
974
721
915
914
155
973
265
692
478
740
734
26
44
559
537
718
828
607
62
992
941
397
314
148
179
740
378
960
723
857
135
447
759
883
571
475
746
822
358
421
482
519
376
359
214
306
520
175
921
116
626
249
554
714
758
44
734
385
543
405
120
189
75
897
571
933
341
38
572
78
442
621
873
655
400
493
844
718
927
832
816
208
543
152
191
881
270
600
975
563
792
654
81
58
556
808
999
610
986
940
517
950
599
841
877
226
469
798
474
191
327
934
873
842
383
978
718
22
572
20
23
961
56
513
941
896
765
662
22
267
59
373
575
232
226
545
463
190
845
569
585
177
917
408
580
867
858
269
348
983
353
623
759
118
312
560
671
494
48
953
528
739
35
260
843
484
756
933
93
34
199
556
516
116
315
105
397
256
533
738
346
25
392
263
317
367
686
778
62
327
72
755
543
550
186
737
42
776
504
196
953
345
123
829
568
529
863
61
57
225
361
192
730
370
213
330
196
634
637
745
749
531
448
810
67
473
82
322
748
865
703
94
584
245
651
778
86
296
871
893
401
755
929
772
760
22
497
177
994
347
957
871
50
716
395
799
848
993
294
9
367
599
903
222
305
681
651
961
239
570
714
255
306
433
288
80
218
93
75
372
684
207
957
568
750
726
539
223
574
310
311
467
296
577
963
815
903
963
645
403
229
442
631
953
963
15
315
177
471
395
141
779
828
788
117
15
672
160
416
799
262
686
40
520
81
285
864
485
540
911
553
445
84
842
639
303
982
188
772
579
243
114
678
812
643
294
244
709
783
197
746
752
430
121
644
388
348
159
721
87
821
822
927
497
298
663
969
878
310
581
790
366
130
937
976
960
85
989
902
475
352
197
821
897
393
456
32
916
353
128
459
742
600
25
356
692
608
558
726
690
617
250
876
302
604
920
455
619
77
439
582
146
325
140
747
22
606
777
334
214
797
519
298
966
529
339
17
264
846
320
758
890
331
456
779
933
929
229
470
836
269
586
822
747
424
27
565
195
785
403
15
706
731
214
643
830
442
478
254
554
253
640
215
616
562
57
586
87
718
578
98
461
798
917
506
520
150
643
670
891
505
203
800
73
397
313
643
939
28
592
803
903
572
788
889
725
401
911
424
678
522
719
853
382
732
498
405
237
521
469
176
565
649
884
752
561
657
624
876
955
76
459
512
152
879
759
371
83
258
507
537
735
58
605
156
325
137
129
163
264
999
144
562
558
8
2
203
297
713
154
891
30
227
998
322
231
437
586
129
236
827
652
741
420
519
187
764
592
297
203
396
479
234
680
491
699
608
244
658
279
315
521
891
756
907
355
413
961
14
222
908
70
440
648
146
144
45
863
310
514
99
540
819
259
271
207
417
347
21
977
812
920
649
352
626
713
283
197
928
585
280
414
85
495
809
410
253
965
454
460
964
768
879
932
23
672
816
785
619
670
496
384
281
244
325
511
829
576
701
396
907
513
348
604
460
41
413
788
756
67
452
758
27
280
993
538
884
794
911
572
180
753
425
858
524
341
946
599
396
732
431
772
782
199
612
757
685
155
144
578
63
687
401
347
692
132
698
846
228
23
276
597
166
401
538
789
595
123
723
43
23
294
975
72
755
953
690
111
838
233
463
12
737
626
635
64
216
969
100
122
531
714
406
798
510
779
761
862
119
842
523
356
928
522
741
274
312
264
213
241
334
144
565
756
528
851
908
292
203
514
40
520
149
249
840
632
324
915
595
220
609
482
939
402
675
845
824
949
916
762
456
546
839
650
484
888
138
274
994
424
568
530
490
102
55
45
417
924
35
75
823
431
246
997
554
282
863
450
864
120
639
721
821
838
350
454
837
138
198
141
934
894
781
465
566
139
125
671
359
585
244
98
89
565
126
511
10
746
606
278
54
723
592
905
845
783
952
408
707
54
452
241
972
619
652
57
616
477
51
346
924
349
669
441
974
700
617
958
435
171
28
642
442
71
342
558
251
774
748
7
578
480
789
816
704
857
444
302
594
370
783
547
70
864
545
492
707
288
262
322
379
688
592
51
716
200
195
575
479
157
732
489
620
349
228
743
185
748
20
872
891
701
976
806
747
438
329
104
488
428
